43
37
4
58
78259
0
26
1
64
3
78
38190
45
46
3
9
72
124200
24594316
10
108
31
3
9
75
124179
5
77
48
4
6
24
135338
10
16
132
6
10
12
194
95962
21605411824
2
14
165
57
12
16
76
123778
24
76
1176
5
14
240
6
14
16
334
111904
13161574618
12274781712209831380
4
61
11
119
3
14
161
123815
33
2
59
13
147
5521
80
27
14
134
7836
17681307
1
54
36
53
3250
45
6
80
5
7
28
145570
4
56
6
1
12
118
102372
40417225
9
100
1
5
43
101301
24
45
3
52
3728
5
6
104
4
72
0
18
16
190
201530
15612851403
4669200099954615
1
108
45
2
22
218
210405
60
1
35
3646
72
10
120
9204
78099646
3
65
44
9
23
215
194988
6
18
32
858
4
120
34
10
12
30
214898
31050600
2
10
84
59
9
4
236
168796
18
17
72
57380
14
5
249
6
80
20
28
248
262300
14160129169
22086663719064499186
31996170316347653773082212366770
29
48
6
15
164
160285
9
103
0
26
11
117
3485
9
17
154
48
10
3
363
291252
20856491055
69
29
5
117
6769
6
82
6
96
14
144
7268
6
112
68
17
19
55
326086
103511919
7
10
243
50
13
25
156
170940
34
31
7
94
2674
8
12
210
8
14
69
200891
10355324905
17857096008542539197
21
25
9
105
3113
81
12
129
10
16
153
199341
30
10
4
78
6190
16515182
19
7
51
1759
5
80
2
85
13
156
8600
14
144
24
4
12
232
225488
103680898
70
6
82
2
9
70
210145
20
72
8
3
44
177612
11
196
63
3
8
52
314871
41621776
4327196663176490
15
151
3
14
129
121728
38
72
6
62
95644
10
12
102
7
16
112
56831
21556403668
3
69
42
7
20
198
172206
32
9
106
6
124
4928
0
84
49
10
12
118
197517
48209778
11
19
84
27
24
26
184
351442
2
26
57
1694
21
16
138
5
76
14
34
230
303932
12240876248
31599443318601924692
45326578623880161039335387725543
4
6
20
47
10
23
175
158084
55
809
17
277
4013
2
25
266
28
15
0
26
145
152626
8184276662
34
7
89
5
15
125
147612
23
35
12
126
4615
4
75
5
69
5
11
77
148349
31203013
11
23
207
43
18
15
294
172422
8
3
93
29232
16
12
149
24
27
90
129148
13918046778
9589948862703513619
9
57
1532
54
37
9
74
6726
5
68
17
207
43130
7029924051
35
5
2
11
94
114747
20
35
1
17
169
106875
9
50
1
60
7
13
72
137784
13572444504
64
3
50
6
10
219
205864
5
40
18
57230
6
137
12
0
7
70
112968
3756178612
4880429451821031740
8
17
154
10
20
252
113001
5
76
27
10
110
3664
2
14
123
6
10
26
181
86226
22325975590
24
10
92
4296
68
58
1
12
118
106695
16
35
81
7082
25426584
13
20
236
27
24
8
164
156982
42
7
14
144
86892
24
34
281
0
32
30
392